minFile

min5File

min15File

min30File
0.456014597626471
[[-0.72703954 -0.00146433 -0.00221631 -1.         -0.99874591 -0.00662151]
 [-0.72703954 -0.00146433 -0.00221631 -1.         -0.99874591 -0.00662151]
 [-0.72703954 -0.00146433 -0.00221631 -1.         -0.99874591 -0.00662151]
 ...
 [-0.72703954 -0.00146433 -0.00221631 -1.         -0.99874591 -0.00662151]
 [-0.72703954 -0.00146433 -0.00221631 -1.         -0.99874591 -0.00662151]
 [-0.72703954 -0.00146433 -0.00221631 -1.         -0.99874591 -0.00662151]]
0.1668157496423633
[[ 0.00000000e+00  2.94521094e-04  9.99767604e-05 -1.00000000e+00
   2.00000000e-04  3.00000000e-04]
 [ 0.00000000e+00  2.94521094e-04  9.99767604e-05 -1.00000000e+00
   2.00000000e-04  3.00000000e-04]
 [ 0.00000000e+00  2.94521094e-04  9.99767604e-05 -1.00000000e+00
   2.00000000e-04  3.00000000e-04]
 ...
 [ 0.00000000e+00  2.94521094e-04  9.99767604e-05 -1.00000000e+00
   2.00000000e-04  3.00000000e-04]
 [ 0.00000000e+00  2.94521094e-04  9.99767604e-05 -1.00000000e+00
   2.00000000e-04  3.00000000e-04]
 [ 0.00000000e+00  2.94521094e-04  9.99767604e-05 -1.00000000e+00
   2.00000000e-04  3.00000000e-04]]
0.16681571531787848
[[ 0.00000000e+00  2.94315148e-04  9.99767592e-05 -1.00000000e+00
   2.00000000e-04  3.00000000e-04]
 [ 0.00000000e+00  2.94315148e-04  9.99767592e-05 -1.00000000e+00
   2.00000000e-04  3.00000000e-04]
 [ 0.00000000e+00  2.94315148e-04  9.99767592e-05 -1.00000000e+00
   2.00000000e-04  3.00000000e-04]
 ...
 [ 0.00000000e+00  2.94315148e-04  9.99767592e-05 -1.00000000e+00
   2.00000000e-04  3.00000000e-04]
 [ 0.00000000e+00  2.94315148e-04  9.99767592e-05 -1.00000000e+00
   2.00000000e-04  3.00000000e-04]
 [ 0.00000000e+00  2.94315148e-04  9.99767592e-05 -1.00000000e+00
   2.00000000e-04  3.00000000e-04]]
0.1668156783426724
[[ 0.00000000e+00  2.94093298e-04  9.99767580e-05 -1.00000000e+00
   2.00000000e-04  3.00000000e-04]
 [ 0.00000000e+00  2.94093298e-04  9.99767580e-05 -1.00000000e+00
   2.00000000e-04  3.00000000e-04]
 [ 0.00000000e+00  2.94093298e-04  9.99767580e-05 -1.00000000e+00
   2.00000000e-04  3.00000000e-04]
 ...
 [ 0.00000000e+00  2.94093298e-04  9.99767580e-05 -1.00000000e+00
   2.00000000e-04  3.00000000e-04]
 [ 0.00000000e+00  2.94093298e-04  9.99767580e-05 -1.00000000e+00
   2.00000000e-04  3.00000000e-04]
 [ 0.00000000e+00  2.94093298e-04  9.99767580e-05 -1.00000000e+00
   2.00000000e-04  3.00000000e-04]]
0.16681563839997968
[[ 0.00000000e+00  2.93853643e-04  9.99767568e-05 -1.00000000e+00
   2.00000000e-04  3.00000000e-04]
 [ 0.00000000e+00  2.93853643e-04  9.99767568e-05 -1.00000000e+00
   2.00000000e-04  3.00000000e-04]
 [ 0.00000000e+00  2.93853643e-04  9.99767568e-05 -1.00000000e+00
   2.00000000e-04  3.00000000e-04]
 ...
 [ 0.00000000e+00  2.93853643e-04  9.99767568e-05 -1.00000000e+00
   2.00000000e-04  3.00000000e-04]
 [ 0.00000000e+00  2.93853643e-04  9.99767568e-05 -1.00000000e+00
   2.00000000e-04  3.00000000e-04]
 [ 0.00000000e+00  2.93853643e-04  9.99767568e-05 -1.00000000e+00
   2.00000000e-04  3.00000000e-04]]
0.1668155951208217
[[ 0.00000000e+00  2.93593969e-04  9.99767556e-05 -1.00000000e+00
   2.00000000e-04  3.00000000e-04]
 [ 0.00000000e+00  2.93593969e-04  9.99767556e-05 -1.00000000e+00
   2.00000000e-04  3.00000000e-04]
 [ 0.00000000e+00  2.93593969e-04  9.99767556e-05 -1.00000000e+00
   2.00000000e-04  3.00000000e-04]
 ...
 [ 0.00000000e+00  2.93593969e-04  9.99767556e-05 -1.00000000e+00
   2.00000000e-04  3.00000000e-04]
 [ 0.00000000e+00  2.93593969e-04  9.99767556e-05 -1.00000000e+00
   2.00000000e-04  3.00000000e-04]
 [ 0.00000000e+00  2.93593969e-04  9.99767556e-05 -1.00000000e+00
   2.00000000e-04  3.00000000e-04]]
0.16681554807285326
[[ 0.00000000e+00  2.93311683e-04  9.99767543e-05 -1.00000000e+00
   2.00000000e-04  3.00000000e-04]
 [ 0.00000000e+00  2.93311683e-04  9.99767543e-05 -1.00000000e+00
   2.00000000e-04  3.00000000e-04]
 [ 0.00000000e+00  2.93311683e-04  9.99767543e-05 -1.00000000e+00
   2.00000000e-04  3.00000000e-04]
 ...
 [ 0.00000000e+00  2.93311683e-04  9.99767543e-05 -1.00000000e+00
   2.00000000e-04  3.00000000e-04]
 [ 0.00000000e+00  2.93311683e-04  9.99767543e-05 -1.00000000e+00
   2.00000000e-04  3.00000000e-04]
 [ 0.00000000e+00  2.93311683e-04  9.99767543e-05 -1.00000000e+00
   2.00000000e-04  3.00000000e-04]]
0.16681549674623677
[[ 0.00000000e+00  2.93003724e-04  9.99767531e-05 -1.00000000e+00
   2.00000000e-04  3.00000000e-04]
 [ 0.00000000e+00  2.93003724e-04  9.99767531e-05 -1.00000000e+00
   2.00000000e-04  3.00000000e-04]
 [ 0.00000000e+00  2.93003724e-04  9.99767531e-05 -1.00000000e+00
   2.00000000e-04  3.00000000e-04]
 ...
 [ 0.00000000e+00  2.93003724e-04  9.99767531e-05 -1.00000000e+00
   2.00000000e-04  3.00000000e-04]
 [ 0.00000000e+00  2.93003724e-04  9.99767531e-05 -1.00000000e+00
   2.00000000e-04  3.00000000e-04]
 [ 0.00000000e+00  2.93003724e-04  9.99767531e-05 -1.00000000e+00
   2.00000000e-04  3.00000000e-04]]
0.16681544053558572
[[ 0.00000000e+00  2.92666462e-04  9.99767519e-05 -1.00000000e+00
   2.00000000e-04  3.00000000e-04]
 [ 0.00000000e+00  2.92666462e-04  9.99767519e-05 -1.00000000e+00
   2.00000000e-04  3.00000000e-04]
 [ 0.00000000e+00  2.92666462e-04  9.99767519e-05 -1.00000000e+00
   2.00000000e-04  3.00000000e-04]
 ...
 [ 0.00000000e+00  2.92666462e-04  9.99767519e-05 -1.00000000e+00
   2.00000000e-04  3.00000000e-04]
 [ 0.00000000e+00  2.92666462e-04  9.99767519e-05 -1.00000000e+00
   2.00000000e-04  3.00000000e-04]
 [ 0.00000000e+00  2.92666462e-04  9.99767519e-05 -1.00000000e+00
   2.00000000e-04  3.00000000e-04]]
0.16681537871664362
[[ 0.00000000e+00  2.92295549e-04  9.99767507e-05 -1.00000000e+00
   2.00000000e-04  3.00000000e-04]
 [ 0.00000000e+00  2.92295549e-04  9.99767507e-05 -1.00000000e+00
   2.00000000e-04  3.00000000e-04]
 [ 0.00000000e+00  2.92295549e-04  9.99767507e-05 -1.00000000e+00
   2.00000000e-04  3.00000000e-04]
 ...
 [ 0.00000000e+00  2.92295549e-04  9.99767507e-05 -1.00000000e+00
   2.00000000e-04  3.00000000e-04]
 [ 0.00000000e+00  2.92295549e-04  9.99767507e-05 -1.00000000e+00
   2.00000000e-04  3.00000000e-04]
 [ 0.00000000e+00  2.92295549e-04  9.99767507e-05 -1.00000000e+00
   2.00000000e-04  3.00000000e-04]]
0.16681531041582934
[[ 0.00000000e+00  2.91885745e-04  9.99767495e-05 -1.00000000e+00
   2.00000000e-04  3.00000000e-04]
 [ 0.00000000e+00  2.91885745e-04  9.99767495e-05 -1.00000000e+00
   2.00000000e-04  3.00000000e-04]
 [ 0.00000000e+00  2.91885745e-04  9.99767495e-05 -1.00000000e+00
   2.00000000e-04  3.00000000e-04]
 ...
 [ 0.00000000e+00  2.91885745e-04  9.99767495e-05 -1.00000000e+00
   2.00000000e-04  3.00000000e-04]
 [ 0.00000000e+00  2.91885745e-04  9.99767495e-05 -1.00000000e+00
   2.00000000e-04  3.00000000e-04]
 [ 0.00000000e+00  2.91885745e-04  9.99767495e-05 -1.00000000e+00
   2.00000000e-04  3.00000000e-04]]
0.16681523456998162
[[ 0.00000000e+00  2.91430672e-04  9.99767483e-05 -1.00000000e+00
   2.00000000e-04  3.00000000e-04]
 [ 0.00000000e+00  2.91430672e-04  9.99767483e-05 -1.00000000e+00
   2.00000000e-04  3.00000000e-04]
 [ 0.00000000e+00  2.91430672e-04  9.99767483e-05 -1.00000000e+00
   2.00000000e-04  3.00000000e-04]
 ...
 [ 0.00000000e+00  2.91430672e-04  9.99767483e-05 -1.00000000e+00
   2.00000000e-04  3.00000000e-04]
 [ 0.00000000e+00  2.91430672e-04  9.99767483e-05 -1.00000000e+00
   2.00000000e-04  3.00000000e-04]
 [ 0.00000000e+00  2.91430672e-04  9.99767483e-05 -1.00000000e+00
   2.00000000e-04  3.00000000e-04]]
min30File
0.16679853119974053
[[ 2.00000000e-04  1.91164556e-04 -2.26425109e-08 -9.99800000e-01
  -4.00000000e-04  2.00000000e-04]
 [ 2.00000000e-04  1.91164556e-04 -2.26425109e-08 -9.99800000e-01
  -4.00000000e-04  2.00000000e-04]
 [ 2.00000000e-04  1.91164556e-04 -2.26425109e-08 -9.99800000e-01
  -4.00000000e-04  2.00000000e-04]
 ...
 [ 2.00000000e-04  1.91164556e-04 -2.26425109e-08 -9.99800000e-01
  -4.00000000e-04  2.00000000e-04]
 [ 2.00000000e-04  1.91164556e-04 -2.26425109e-08 -9.99800000e-01
  -4.00000000e-04  2.00000000e-04]
 [ 2.00000000e-04  1.91164556e-04 -2.26425109e-08 -9.99800000e-01
  -4.00000000e-04  2.00000000e-04]]
0.16679847319264293
[[ 2.00000000e-04  1.90816513e-04 -2.26425107e-08 -9.99800000e-01
  -4.00000000e-04  2.00000000e-04]
 [ 2.00000000e-04  1.90816513e-04 -2.26425107e-08 -9.99800000e-01
  -4.00000000e-04  2.00000000e-04]
 [ 2.00000000e-04  1.90816513e-04 -2.26425107e-08 -9.99800000e-01
  -4.00000000e-04  2.00000000e-04]
 ...
 [ 2.00000000e-04  1.90816513e-04 -2.26425107e-08 -9.99800000e-01
  -4.00000000e-04  2.00000000e-04]
 [ 2.00000000e-04  1.90816513e-04 -2.26425107e-08 -9.99800000e-01
  -4.00000000e-04  2.00000000e-04]
 [ 2.00000000e-04  1.90816513e-04 -2.26425107e-08 -9.99800000e-01
  -4.00000000e-04  2.00000000e-04]]
0.16679841055623076
[[ 2.00000000e-04  1.90440695e-04 -2.26425104e-08 -9.99800000e-01
  -4.00000000e-04  2.00000000e-04]
 [ 2.00000000e-04  1.90440695e-04 -2.26425104e-08 -9.99800000e-01
  -4.00000000e-04  2.00000000e-04]
 [ 2.00000000e-04  1.90440695e-04 -2.26425104e-08 -9.99800000e-01
  -4.00000000e-04  2.00000000e-04]
 ...
 [ 2.00000000e-04  1.90440695e-04 -2.26425104e-08 -9.99800000e-01
  -4.00000000e-04  2.00000000e-04]
 [ 2.00000000e-04  1.90440695e-04 -2.26425104e-08 -9.99800000e-01
  -4.00000000e-04  2.00000000e-04]
 [ 2.00000000e-04  1.90440695e-04 -2.26425104e-08 -9.99800000e-01
  -4.00000000e-04  2.00000000e-04]]
0.16679834272496943
[[ 2.00000000e-04  1.90033707e-04 -2.26425101e-08 -9.99800000e-01
  -4.00000000e-04  2.00000000e-04]
 [ 2.00000000e-04  1.90033707e-04 -2.26425101e-08 -9.99800000e-01
  -4.00000000e-04  2.00000000e-04]
 [ 2.00000000e-04  1.90033707e-04 -2.26425101e-08 -9.99800000e-01
  -4.00000000e-04  2.00000000e-04]
 ...
 [ 2.00000000e-04  1.90033707e-04 -2.26425101e-08 -9.99800000e-01
  -4.00000000e-04  2.00000000e-04]
 [ 2.00000000e-04  1.90033707e-04 -2.26425101e-08 -9.99800000e-01
  -4.00000000e-04  2.00000000e-04]
 [ 2.00000000e-04  1.90033707e-04 -2.26425101e-08 -9.99800000e-01
  -4.00000000e-04  2.00000000e-04]]
0.16679826903895864
[[ 2.00000000e-04  1.89591591e-04 -2.26425099e-08 -9.99800000e-01
  -4.00000000e-04  2.00000000e-04]
 [ 2.00000000e-04  1.89591591e-04 -2.26425099e-08 -9.99800000e-01
  -4.00000000e-04  2.00000000e-04]
 [ 2.00000000e-04  1.89591591e-04 -2.26425099e-08 -9.99800000e-01
  -4.00000000e-04  2.00000000e-04]
 ...
 [ 2.00000000e-04  1.89591591e-04 -2.26425099e-08 -9.99800000e-01
  -4.00000000e-04  2.00000000e-04]
 [ 2.00000000e-04  1.89591591e-04 -2.26425099e-08 -9.99800000e-01
  -4.00000000e-04  2.00000000e-04]
 [ 2.00000000e-04  1.89591591e-04 -2.26425099e-08 -9.99800000e-01
  -4.00000000e-04  2.00000000e-04]]
0.16679818872372215
[[ 2.00000000e-04  1.89109700e-04 -2.26425096e-08 -9.99800000e-01
  -4.00000000e-04  2.00000000e-04]
 [ 2.00000000e-04  1.89109700e-04 -2.26425096e-08 -9.99800000e-01
  -4.00000000e-04  2.00000000e-04]
 [ 2.00000000e-04  1.89109700e-04 -2.26425096e-08 -9.99800000e-01
  -4.00000000e-04  2.00000000e-04]
 ...
 [ 2.00000000e-04  1.89109700e-04 -2.26425096e-08 -9.99800000e-01
  -4.00000000e-04  2.00000000e-04]
 [ 2.00000000e-04  1.89109700e-04 -2.26425096e-08 -9.99800000e-01
  -4.00000000e-04  2.00000000e-04]
 [ 2.00000000e-04  1.89109700e-04 -2.26425096e-08 -9.99800000e-01
  -4.00000000e-04  2.00000000e-04]]
0.16679810086465577
[[ 2.00000000e-04  1.88582545e-04 -2.26425093e-08 -9.99800000e-01
  -4.00000000e-04  2.00000000e-04]
 [ 2.00000000e-04  1.88582545e-04 -2.26425093e-08 -9.99800000e-01
  -4.00000000e-04  2.00000000e-04]
 [ 2.00000000e-04  1.88582545e-04 -2.26425093e-08 -9.99800000e-01
  -4.00000000e-04  2.00000000e-04]
 ...
 [ 2.00000000e-04  1.88582545e-04 -2.26425093e-08 -9.99800000e-01
  -4.00000000e-04  2.00000000e-04]
 [ 2.00000000e-04  1.88582545e-04 -2.26425093e-08 -9.99800000e-01
  -4.00000000e-04  2.00000000e-04]
 [ 2.00000000e-04  1.88582545e-04 -2.26425093e-08 -9.99800000e-01
  -4.00000000e-04  2.00000000e-04]]
0.16679800437443804
[[ 2.00000000e-04  1.88003604e-04 -2.26425091e-08 -9.99800000e-01
  -4.00000000e-04  2.00000000e-04]
 [ 2.00000000e-04  1.88003604e-04 -2.26425091e-08 -9.99800000e-01
  -4.00000000e-04  2.00000000e-04]
 [ 2.00000000e-04  1.88003604e-04 -2.26425091e-08 -9.99800000e-01
  -4.00000000e-04  2.00000000e-04]
 ...
 [ 2.00000000e-04  1.88003604e-04 -2.26425091e-08 -9.99800000e-01
  -4.00000000e-04  2.00000000e-04]
 [ 2.00000000e-04  1.88003604e-04 -2.26425091e-08 -9.99800000e-01
  -4.00000000e-04  2.00000000e-04]
 [ 2.00000000e-04  1.88003604e-04 -2.26425091e-08 -9.99800000e-01
  -4.00000000e-04  2.00000000e-04]]
0.1667978979510753
[[ 2.00000000e-04  1.87365064e-04 -2.26425088e-08 -9.99800000e-01
  -4.00000000e-04  2.00000000e-04]
 [ 2.00000000e-04  1.87365064e-04 -2.26425088e-08 -9.99800000e-01
  -4.00000000e-04  2.00000000e-04]
 [ 2.00000000e-04  1.87365064e-04 -2.26425088e-08 -9.99800000e-01
  -4.00000000e-04  2.00000000e-04]
 ...
 [ 2.00000000e-04  1.87365064e-04 -2.26425088e-08 -9.99800000e-01
  -4.00000000e-04  2.00000000e-04]
 [ 2.00000000e-04  1.87365064e-04 -2.26425088e-08 -9.99800000e-01
  -4.00000000e-04  2.00000000e-04]
 [ 2.00000000e-04  1.87365064e-04 -2.26425088e-08 -9.99800000e-01
  -4.00000000e-04  2.00000000e-04]]
0.1667977800233449
[[ 2.00000000e-04  1.86657498e-04 -2.26425085e-08 -9.99800000e-01
  -4.00000000e-04  2.00000000e-04]
 [ 2.00000000e-04  1.86657498e-04 -2.26425085e-08 -9.99800000e-01
  -4.00000000e-04  2.00000000e-04]
 [ 2.00000000e-04  1.86657498e-04 -2.26425085e-08 -9.99800000e-01
  -4.00000000e-04  2.00000000e-04]
 ...
 [ 2.00000000e-04  1.86657498e-04 -2.26425085e-08 -9.99800000e-01
  -4.00000000e-04  2.00000000e-04]
 [ 2.00000000e-04  1.86657498e-04 -2.26425085e-08 -9.99800000e-01
  -4.00000000e-04  2.00000000e-04]
 [ 2.00000000e-04  1.86657498e-04 -2.26425085e-08 -9.99800000e-01
  -4.00000000e-04  2.00000000e-04]]
0.1667976486790843
[[ 2.00000000e-04  1.85869432e-04 -2.26425082e-08 -9.99800000e-01
  -4.00000000e-04  2.00000000e-04]
 [ 2.00000000e-04  1.85869432e-04 -2.26425082e-08 -9.99800000e-01
  -4.00000000e-04  2.00000000e-04]
 [ 2.00000000e-04  1.85869432e-04 -2.26425082e-08 -9.99800000e-01
  -4.00000000e-04  2.00000000e-04]
 ...
 [ 2.00000000e-04  1.85869432e-04 -2.26425082e-08 -9.99800000e-01
  -4.00000000e-04  2.00000000e-04]
 [ 2.00000000e-04  1.85869432e-04 -2.26425082e-08 -9.99800000e-01
  -4.00000000e-04  2.00000000e-04]
 [ 2.00000000e-04  1.85869432e-04 -2.26425082e-08 -9.99800000e-01
  -4.00000000e-04  2.00000000e-04]]
0.16679750156983728
[[ 2.00000000e-04  1.84986777e-04 -2.26425080e-08 -9.99800000e-01
  -4.00000000e-04  2.00000000e-04]
 [ 2.00000000e-04  1.84986777e-04 -2.26425080e-08 -9.99800000e-01
  -4.00000000e-04  2.00000000e-04]
 [ 2.00000000e-04  1.84986777e-04 -2.26425080e-08 -9.99800000e-01
  -4.00000000e-04  2.00000000e-04]
 ...
 [ 2.00000000e-04  1.84986777e-04 -2.26425080e-08 -9.99800000e-01
  -4.00000000e-04  2.00000000e-04]
 [ 2.00000000e-04  1.84986777e-04 -2.26425080e-08 -9.99800000e-01
  -4.00000000e-04  2.00000000e-04]
 [ 2.00000000e-04  1.84986777e-04 -2.26425080e-08 -9.99800000e-01
  -4.00000000e-04  2.00000000e-04]]
min30File
0.16680274513999133
[[ 1.00000000e-04 -1.16493808e-04  1.99977031e-04 -9.99900000e-01
   4.00000000e-04  1.00000000e-04]
 [ 1.00000000e-04 -1.16493808e-04  1.99977031e-04 -9.99900000e-01
   4.00000000e-04  1.00000000e-04]
 [ 1.00000000e-04 -1.16493808e-04  1.99977031e-04 -9.99900000e-01
   4.00000000e-04  1.00000000e-04]
 ...
 [ 1.00000000e-04 -1.16493808e-04  1.99977031e-04 -9.99900000e-01
   4.00000000e-04  1.00000000e-04]
 [ 1.00000000e-04 -1.16493808e-04  1.99977031e-04 -9.99900000e-01
   4.00000000e-04  1.00000000e-04]
 [ 1.00000000e-04 -1.16493808e-04  1.99977031e-04 -9.99900000e-01
   4.00000000e-04  1.00000000e-04]]
0.16680263128910688
[[ 1.00000000e-04 -1.15810706e-04  1.99977029e-04 -9.99900000e-01
   4.00000000e-04  1.00000000e-04]
 [ 1.00000000e-04 -1.15810706e-04  1.99977029e-04 -9.99900000e-01
   4.00000000e-04  1.00000000e-04]
 [ 1.00000000e-04 -1.15810706e-04  1.99977029e-04 -9.99900000e-01
   4.00000000e-04  1.00000000e-04]
 ...
 [ 1.00000000e-04 -1.15810706e-04  1.99977029e-04 -9.99900000e-01
   4.00000000e-04  1.00000000e-04]
 [ 1.00000000e-04 -1.15810706e-04  1.99977029e-04 -9.99900000e-01
   4.00000000e-04  1.00000000e-04]
 [ 1.00000000e-04 -1.15810706e-04  1.99977029e-04 -9.99900000e-01
   4.00000000e-04  1.00000000e-04]]
